100 20 3
1 1 3
2 1 4
3 1 1
4 1 3
5 1 2
6 1 4
7 1 1
8 1 3
9 2 3
10 2 3
11 2 2
12 2 1
13 2 2
14 3 3
15 3 1
16 3 2
17 3 2
18 3 4
19 4 3
20 4 3
21 4 1
22 5 4
23 5 1
24 5 3
25 6 4
26 6 2
27 6 4
28 6 3
29 6 4
30 7 3
31 7 2
32 7 4
33 7 2
34 7 3
35 7 3
36 7 4
37 7 4
38 8 1
39 8 1
40 8 4
41 8 2
42 8 1
43 8 2
44 8 4
45 9 4
46 9 4
47 9 1
48 9 4
49 10 4
50 10 4
51 10 1
52 10 3
53 10 4
54 10 2
55 11 2
56 11 4
57 11 1
58 12 4
59 12 2
60 12 1
61 12 1
62 12 4
63 12 1
64 12 1
65 13 1
66 13 4
67 13 2
68 14 1
69 14 4
70 14 2
71 15 4
72 15 1
73 15 3
74 16 4
75 16 3
76 16 1
77 16 1
78 16 2
79 16 1
80 16 4
81 17 4
82 17 3
83 17 4
84 17 1
85 17 2
86 18 1
87 18 1
88 18 1
89 19 1
90 19 4
91 19 4
92 19 3
93 20 2
94 20 4
95 20 2
96 20 1
97 20 4
98 20 2
99 20 1
100 20 3
1 8 0
2 3 0
3 5 0
4 5 0
5 3 0
6 15 0
7 23 0
8 7 0
9 4 0
10 8 0
11 5 0
12 9 0
13 5 0
14 6 0
15 3 0
16 10 0
17 3 0
18 0 0
19 6 0
20 14 1
1 20 18
2 20 36
3 20 59